2936124
4014007
952606
2468619
4164784
1905034
1229344
1987484
1933958
4453640
2863523
366387
1779848
1991678
2274220
3276224
2297861
1336477
3880316
1974184
1636439
2966859
286933
434140
1497865
1692909
317589
661565
1182835
2270680
1784179
3835286
4360695
2935150
2337196
3586671
48990
1966992
4751396
4255851
4133613
2870756
2245994
4289514
4965737
836122
4154164
4656929
3585890
3276947
1516047
850408
621120
3905048
501182
1614147
345128
816861
451420
4588466
2810940
1670283
3798772
2950491
2092091
478869
154792
1145552
1877467
4689326
2741843
2997259
3258564
1069339
1814412
3080145
3423302
4217522
1953962
655795
2206472
3074066
715454
1875612
260925
2090223
674393
2007260
141846
2690363
615984
3854757
784469
2327185
3587928
3767848
1948391
2238808
3368846
677520
1275083
3536027
281366
1613685
3761582
7667
2004550
3982482
1577103
4442982
4724170
4019784
193050
4561093
1946883
4341739
1259810
1413662
3738553
4654931
3524333
1224820
1681945
2390337
4214605
4126942
3629699
3260732
2117249
4221624
1733412
1952918
1496497
3254748
2748510
4223586
2300576
3440652
2557107
3503737
4558600
1595172
4125548
4811323
3958613
1484479
3253235
3389373
3453803
4532379
4516223
2249411
2722319
208251
2823916
1711232
4685370
3776522
136891
949569
301981
3950795
4451577
2986487
4896973
4419206
2497142
4653975
4115702
1018768
398865
1444763
2137232
2803796
124926
747667
4498126
4460699
4325293
976898
44838
1141032
2172613
578066
3310872
3248587
3046312
4336323
2585815
1314256
1594820
380121
3659722
900685
4061131
1697397
2769116
1897784
1284437
1033689
2659761
3895360
2227144
4671205
3224563
3451960
1200030
459838
798706
4496353
4533477
1637848
2476926
3493040
3452464
818665
1736124
4834250
2594742
1668065
2342098
2295134
1626520
3481296
1579769
3453039
3053269
858740
1376709
1057566
741648
681577
2711376
1452415
3516944
1178824
2274890
2319175
4456649
4159957
784670
2911680
2263210
1745623
2938466
369874
1879294
1225458
1299665
312918
2167298
3749061
3963090
4868591
3078701
2355150
463218
4564332
2439053
201033
1129394
2592801
710077
1270773
1404544
83843
4892334
2260848
4228450
4506471
666910
2749347
2021829
1207335
1041351
835935
3736146
3601710
147977
1718979
4080814
4531899
1119256
4646035
4296583
4548766
925112
443776
1242445
4566051
2949692
2096955
3041269
4019676
3656800
4992000
3582000
3960974
564487
3787566
3194275
4789699
3477354
3612864
962243
1546441
4977001
4444721
3822164
4949583
3157306
1556431
4074294
1234086
527664
2734474
3032525
2127001
2140783
1303172
2374653
4977324
1904678
3787069
2725866
4037172
1529816
3134496
3407596
4357878
3167359
132338
4594327
1545211
2515071
4230876
645456
4955350
842544
3151437
4924845
213669
4538000
1363150
3883296
858440
4420231
2426754
4504173
2866581
3988558
3127855
633658
1254837
2557703
1139711
1543244
2413366
837909
1537894
1045252
2319984
1716332
2683229
3352073
1490516
42588
2785941
291396
1775817
3567448
3728637
1239094
3062973
2426616
3794734
2805099
949387
3484912
730321
854908
4279240
4052139
1281884
605586
1687066
1591472
664065
4264784
658236
4798677
1026086
796404
4353754
3283930
2207681
3614181
1380545
4881376
4002546
712591
4501631
3989565
1660001
3401101
4774802
4585140
1362909
520888
4036735
3007764
1555002
1780618
3071038
797221
2061295
3012477
416287
3744698
4685177
4851163
2766410
3537600
1415028
4302179
4288194
3402683
4716121
980581
3531510
1622116
832973
2748479
391665
1688371
1902487
1845460
4625630
4227783
2655188
3721187
1332117
4532216
3590593
4906812
3860997
3814035
3563625
4169432
3595559
2953869
3456535
3200562
4970526
3552233
4441911
2895324
3787456
2314175
2723035
2806728
894580
1757168
350143
1362641
1744345
4173242
3124529
3522855
864354
1372382
9706
3930039
3024565
1623522
427497
4634375
1841862
4482601
4825506
1686169
3054944
2418424
4681038
409525
2239797
2982366
55886
2368479
590746
1014430
2281898
4534431
4735749
2207651
4517472
2392732
3633860
2879092
4652047
1075102
4323419
3008979
3773673
4460582
2287099
2814059
2047233
3237868
1265653
2471453
835596
3071652
4645677
2078098
343683
201110
3674924
3749203
140926
2875609
203457
4958198
311647
2641076
1684911
1782482
283473
146440
3418779
3510253
1637134
2366032
3237177
3954612
4825271
2039962
2481521
1911852
1276570
3800030
4604246
251066
3151058
3403034
4149279
4584340
2299733
1112190
2050300
2280906
2183323
3975532
1796888
4743629
2578950
4252881
2528017
829554
3463090
3145843
350860
1447427
2171456
3444358
376498
4559312
1472144
1260261
71223
1485899
3442956
1457495
1930300
4717956
2556510
4922210
3585242
3492693
1216748
1145367
1024691
3799167
4434764
2877978
2982033
300779
3825682
4908979
589630
19951
2138440
1486142
3051214
1742325
2587781
218899
2201201
2411893
1514147
963446
3952725
228221
3814012
2187845
2373287
4194479
1491278
183456
757048
4568119
4313156
967528
770788
4335077
4888072
2536275
3076927
4310474
1571850
4854812
1947438
3639870
3319146
399588
3786251
2888217
2725432
4843751
1712345
1993535
1107313
4274292
1094407
4111081
1675702
2827414
3417235
3624245
2159357
4990153
3677842
1776975
4932702
4573287
1493836
2837765
3729098
1306617
4956180
4958871
2172020
966358
219119
766164
100457
2951509
2799100
2091630
4268121
949668
1190329
2947755
1533571
4279798
772563
1225552
401965
4732430
989196
1290825
34447
3207407
1434002
1050786
2202686
4218413
1973202
3504317
1081830
218953
4705296
4190093
2416545
3511738
2274712
3489032
1359656
4099167
2809081
3059527
4600418
2768277
577576
711411
3681812
3998079
2406397
489089
1959781
697495
3186294
3861021
167435
3996721
3607307
4904061
2101228
2345209
964331
2316192
2657356
1324028
1245632
4117464
1697432
3965862
56058
667872
4100330
4329209
3819526
3942670
1097179
4089873
4008594
2385842
886390
1144044
2033681
1733659
362015
1691248
4695896
2735440
1617285
2950611
1880823
2969850
2674836
683319
37455
3575157
3368023
1994742
3367844
1492346
2676601
610292
4993619
328289
750063
1812825
3444063
254024
2314522
3721164
3181007
1508684
3897580
3437520
584644
3810795
2134784
4225976
317775
3218027
39507
4203206
4529956
1599328
3269425
3022074
3712414
2653033
4123609
3043762
437821
2749259
3485285
790208
2007814
1540917
3296498
2007441
2951027
4854977
1331536
1096184
476067
4167717
3802961
2758745
358764
2005231
3327498
816203
3792372
1771106
3229362
1374548
3536143
736740
3482801
3636583
1897751
3329101
4459221
2453368
725044
214961
4394848
2576896
1450006
3632250
3482595
3584063
3583422
2941715
1976717
2100936
1379978
4047025
892763
4430486
211986
2011741
2757470
466582
1924694
3001886
3912793
3019028
1881663
1388827
2277964
3225679
2713255
1096613
2560796
2410232
4456442
1200893
3213437
3096250
3538753
2763977
1002091
1717334
2076390
1823289
4966203
313818
2868100
1318261
3578691
4372865
1754225
2923038
1540316
956533
2720634
4596141
1124853
3679043
2479951
2942258
2465753
2612528
4781445
1397732
1949926
624969
4852432
1509426
1257521
4470534
4087872
639569
1352373
3220448
4140352
4632646
2779750
3214844
3412907
38293
4053707
2582018
214163
2339064
3891906
4708302
4038520
758963
526906
2220153
4018438
2736266
833330
3166327
4254974
5362
1651863
204452
772163
2451140
945295
4613138
3797264
2800944
3609212
1127095
603192
2580328
3751349
1425163
971880
457244
715671
3404369
2103385
3798163
1150012
848452
2210757
2309825
4848574
229612
3202906
1806972
3685822
3091212
905393
2968012
3872805
3341135
1448120
1903728
2131515
682211
2605526
3110261
4075174
771711
3109144
2097712
1987453
2457579
3765124
1758174
1351927
4285719
2691993
4018292
4967808
3024098
834166
1881910
4520045
3831474
2816334
3485474
1811723
1032635
2937398
1059384
3160590
2784772
3063632
4726175
4919151
4297750
4732503
2765529
3602197
3833027
1439748
3071626
293817
2506678
1755460
1454473
4737890
2153473
2728997
1745938
4956509
48582
4710773
728423
2210779
557487
2098980
2363618
918370
773319
4520174
356750
4790408
4978370
1471065
4215001
4495369
3417074
4988846
2975537
12956
1676909
4743965
4793750
599210
2213108
4049496
143338
3772771
2132535
4831546
54269
4152575
959687
677226
2366952
3149504
374349
4189998
4964502
462748
4206767
4409908
617109
1353656
1457997
2900134
3615635
2559092
1844450
771772
109349
1994838
4573948
956847
3257159
48088
3135046
3040427
2046785
1220596
1088724
2854655
1781683
3198129
4892849
4181516
1535880
2693623
36635
1325822
26068
4869908
1840250
4912753
1447057
3435572
287265
2569076
1431081
1927483
3466834
2419252
3068228
3418378
711119
929039
3508351
2196700
3795385
1629377
4260565
2481812
4432485
3718868
2227382
4135001
3171365
425494
3429089
4604755
3324421
4170834
253819
1869261
1912054
3876871
4110015
3726414
2147478
3200589
1472515
1126213
1226125
2345167
4459469
2797413
599932
1445222
3756821
826025
459258
4162012
539767
4868530
3411742
1110149
4613996
1111870
2997598
3075520
3754303
3026523
645592
2725523
2172087
4720386
1487905
3118603
2705625
2086977
600306
3764912
3465154
175180
1397627
4748160
325255
2183006
1892210
170737
3928962
2359493
744307
995178
3391040
1660748
3457203
4568835
3558190
1795710
41820
1562207
2508096
2023840
4843671
2350005
4160165
156501
1187746
2871281
1303770
1061206
492922
278951
1019247
3248831
3158166
3779198
173037
2070116
1124088
23733
2983435
2142945
489053
3866954
4912505
4175396
4116116
3805162
1378314
3403068
450775
4625463
2702182
4006205
2697654
1636391
3839676
1434572
1888209
4008048
3512674
4907426
2325967
110807
2589741
2893550
1637240
787348
3041870
3634297
2030734
3882436
1267890
3580736
1805109
1361112
1267853
739990
1241937
4333489
403133
4636407
564715
1657330
2014052
2720063
3918342
4575172
722181
1052384
4973451
1432228
2460571
2924951
4551942
2210715
413985
4226746
99863
4840550
1054912
3640507
3159173
3366668
3885581
1026574
4699969
2311722
1090329
3210121
2134820
1396120
3763664
3140475
296231
629356
92163
2716733
4237587
1013817
1373148
4394380
3898877
3390105
1744769
4755483
2557795
55623
2333560
4718825
2538218
4385289
1772865
4291956
3598387
2808479
841148
2112066
549158
371548
3644502
1048181
1006907
1096913
2500732
2833466
614795
3571505
1628428
643144
2038254
3912644
3429936
1516456
4194517
547329
2835010
4518829
293214
475747
4566499
4951311
1684460
1495953
483747
2775016
3920471
4576138
216497
2415530
2265039
4784832
1554626
1123353
782934
4421943
2511805
1010775
2624232
3632362
1996774
3289760
1770433
1127276
1829945
550035
851464
2352812
3180520
4895053
4440708
3359789
3001810
1725658
3715589
2760495
4631996
1463270
3009282
1614140
4638985
4282997
1910101
4029831
1234397
85246
3944360
2332607
3559505
3145533
1540633
3866528
2960871
3446185
1324346
308091
251420
2351735
250539
3119301
2851357
100216
3967209
2670706
3943355
202531
1308356
3824134
2364469
275191
2164419
3304954
247476
349626
4530356
755954
4164713
4096901
1089980
4263885
4919944
3921079
4015910
4561220
1204747
1400891
1160255
3589946
3048136
3201002
4884192
4806338
4418162
1106717
587620
2665217
1680954
4869738
1298894
4398698
188223
2828989
568952
4718009
2401092
3539801
2029592
1114197
4645162
1205974
3893466
4424930
3586296
4395621
2329188
4744331
2804362
3443838
1016446
4619356
1148505
1281700
4920021
104049
243368
322337
3886087
1690657
3879603
2793576
1704913
2814424
1443206
3302654
2054489
4076031
1038847
4068111
421990
2544900
1099905
4420160
2162460
1503929
3170513
1897525
254659
3356708
4728102
3128893
3958078
3296905
3499433
3950069
2607405
1962556
4264486
3297523
3462302
1137864
1089030
2268560
1313583
391772
4545880
1889044
3143949
1983582
3520996
4830932
669115
3197643
3036157
4661338
19165
281756
1941411
546998
3468117
4613730
4679691
2290335
4315979
4933146
3318115
4425448
3820639
2484806
1791082
778996
3950449
2226306
938046
1496820
3716433
686980
1076419
3452632
834641
2431390
1170773
1160171
645974
3149578
4556842
531692
4017369
4700962
1473638
3489710
3432792
2743232
2712376
3989123
2000635
209077
2112792
437840
3645920
2077852
2558374
3646057
4255344
2592446
1248243
1826128
718685
3712874
729336
316099
314051
2760678
4491974
3741795
4923474
2933203
875907
1924559
943542
3440484
85294
1824393
4888665
4268401
2712526
2353241
4326943
3083451
545481
977391
3580665
2384485
513679
1043479
3263028
1861838
2288359
3658345
4005933
1024399
1331130
4414479
274864
2452564
4687526
439545
1562890
3133696
1776849
1765314
1651418
389400
4268571
944260
3301701
841211
2203420
3029333
3571671
4512086
2083693
3353606
118793
841359
2073840
4665816
1629041
2931608
3280235
2822107
3537928
3153366
2145641
921313
2800849
443907
1500480
500379
3107965
3236959
118745
4327425
2395741
2383090
3477884
2546791
1775737
1711565
3514597
691875
953474
2184514
2428529
2929244
504335
2091563
364425
1912091
2325588
4809184
1959332
966300
3065494
2548328
2593935
953360
2780613
4641536
3125841
4694311
3574600
3267239
1860491
2425226
4988953
3330279
1480712
646217
1096633
1957839
1315195
3387805
3149750
1939095
2461741
1278586
4038216
579952
2415050
3020957
4032905
1049780
1181411
2685715
764709
3555697
2585567
4014475
858255
3192144
4726122
2237274
4589322
3352729
85799
2470040
4843976
2390071
2632161
1222079
2770069
1169090
3034239
74141
4792728
957457
2739137
3709086
4149895
1294019
258569
4122305
2695239
2291618
4905328
3010428
2683299
4926976
3794725
357439
4177319
4356448
345835
747544
1305698
3664995
1831422
147272
2387055
3585387
4220997
2099076
4704518
1081913
3276289
2557791
3621615
10524
2690743
3134786
274382
3212770
1581981
2457467
977634
1492284
3952640
4516651
3672461
3619003
2904958
3874185
3478334
1183415
3502869
1648893
3586053
4876995
1365874
2348168
4555364
4855466
3466153
2829756
911741
1151447
1516686
864467
1186684
2063161
3760158
338241
1062298
1633649
3079133
2270874
860784
966356
64843
2405499
2354226
1476847
4199448
4162544
2439087
4235622
3349121
2674458
3812568
565774
3660331
2876511
2118070
837543
308568
765843
2095425
2886251
1300838
1431551
244725
3820221
4478209
804852
3096812
1089319
2176155
3501565
1085917
2677443
4644585
3192796
4684582
1336898
2665707
713675
3559999
1574763
2455752
331477
577709
4658344
133292
1324563
850074
4139544
661888
3110732
2218770
907931
2433515
4341330
690529
4353472
1496943
4897083
145974
3086722
4201479
3048256
287733
497897
1041265
1423813
1659846
3047437
4565235
1054866
2074729
1117018
2393277
4172869
538239
1943361
2427542
4093246
801221
4336707
2205925
307068
3870119
616049
2262845
4565552
2406270
1364878
917177
4850971
3843831
659962
432977
4841261
4794244
1270456
3363679
953657
183252
580145
4655707
1025352
1717044
3170893
3169614
66015
234917
2337661
2570697
1679974
1458288
4259017
4376073
4976343
1910831
647103
712007
3813117
2703950
2216246
1074432
4076613
2950069
2134489
3869733
2857223
4608785
4286897
3184847
2721037
2242424
3002867
1632525
20094
925542
3095891
4132232
4968708
1397238
1781198
4466938
2969456
3623983
1134286
2248266
1763051
2772398
986075
140317
830363
3414550
2566541
3347170
1761276
4945795
1642041
3110071
4290253
511063
4131775
947063
3144137
1593020
2279197
4647066
3076820
774301
4146098
3579624
87719
521752
4136966
4688951
3518311
1194428
1162083
2502878
1343258
2158202
1775502
979122
2411195
2620495
871120
2129880
956595
2133257
2051241
713984
4553995
1431960
3891059
4517163
1930061
1870674
3331271
705366
4488945
4760466
4361772
2563435
4058314
2463587
664165
4342316
1692119
561291
2714310
3402254
4050586
2099528
3500544
4472988
4274044
1082632
1689015
1619305
1109003
2880955
201154
3658435
3104709
1100676
83055
3593155
1909415
215566
4389640
3815626
853151
3263194
4979604
1799534
1509989
4087946
4628800
2883228
1817596
2223079
3262307
4123743
93483
4571573
2901378
2425514
989277
3588114
599070
1224897
4151877
2717099
238986
828554
1568896
2216071
4410882
2597918
1796466
1505741
3654783
2832109
1558973
